1  585
1  496
1  201
1  182
1  157
1  148
1  192
1  591
1  556
1  227
1  191
1  160
1  149
1  154
1  171
1  152
1  160
1  141
1  132
1  134
1  138
1  128
1  135
1  128
1  140
1  137
1  128
1  126
1  137
1  138
1  156
1  137
1  138
1  148
1  153
1  146
1  174
1  135
1  157
1  147
1  175
1  138
1  187
1  165
1  142
1  139
1  142
1  129
1  134
1  120
1  131
1  132
1  131
1  133
1  138
1  133
1  126
1  138
1  140
1  137
1  130
1  128
1  131
1  140
1  132
1  144
1  137
1  134
1  130
1  137
1  129
1  134
1  132
1  137
1  134
1  127
1  137
1  144
1  133
1  142
1  133
1  124
1  183
1  143
1  153
1  139
1  151
1  146
1  146
1  178
1  143
1  143
1  150
1  163
1  147
1  136
1  131
1  130
1  131
1  136
1  129
1  142
1  128
1  142
1  136
1  133
1  138
1  134
1  130
1  141
1  131
1  137
1  129
1  127
1  151
1  475
1  6
4  676
4  381
4  234
4  176
4  160
4  151
4  171
4  179
4  158
4  151
4  158
4  159
4  145
4  117
4  120
4  115
4  126
4  185
4  144
4  150
1  710
1  612
1  220
1  194
1  226
1  203
1  173
1  204
1  208
1  226
1  250
1  254
1  214
1  200
1  180
1  199
1  175
1  189
1  178
1  162
1  153
1  160
1  166
1  166
1  167
1  164
1  141
1  137
1  133
1  141
1  148
1  148
1  161
1  175
1  138
1  147
1  160
1  161
1  140
1  184
1  166
1  141
1  144
1  157
1  169
1  142
1  183
1  166
1  166
1  159
1  157
1  155
1  163
1  191
1  103
1  103
1  134
1  140
1  169
1  162
1  110
1  186
1  168
1  144
1  142
1  153
1  147
1  147
1  141
1  150
1  146
1  146
1  141
1  109
1  176
1  149
1  152
1  144
1  208
1  178
1  174
1  152
1  153
1  178
1  157
1  163
1  141
1  152
1  165
1  175
1  159
1  161
1  160
1  157
1  142
1  150
1  147
1  156
1  155
1  148
1  144
1  147
1  141
1  145
1  145
1  144
1  146
1  143
1  161
1  140
1  147
1  157
1  143
1  149
1  140
1  142
1  162
1  174
1  134
1  146
1  412
1  8
1  754
1  293
1  222
1  186
1  178
1  201
1  184
1  163
1  155
1  154
1  160
1  146
1  138
1  131
1  145
1  133
1  137
1  166
1  135
1  140
1  141
1  165
1  154
1  133
1  139
1  134
1  136
1  135
2  7143
2  37139
2  226
2  175
2  177
2  146
2  197
2  132
2  120
2  128
2  136
2  189
1  183
1  216
1  282
1  230
1  149
1  195
1  165
1  146
1  153
1  169
1  231
1  184
1  256
1  186
1  215
1  204
1  168
1  322
1  166
1  204
1  263
1  212
1  176
1  215
1  175
1  168
1  161
1  183
1  344
1  298
1  269
1  262
1  270
1  228
1  232
1  219
1  227
1  198
1  184
1  235
1  237
1  272
1  194
1  182
1  144
1  184
1  168
1  172
1  199
1  198
1  149
1  163
1  162
1  159
1  152
1  158
1  160
1  213
1  165
1  141
1  147
1  206
1  165
1  252
2  763
2  311
2  264
2  274
2  253
2  334
2  216
2  220
2  140
2  119
2  124
2  124
2  158
2  137
2  152
2  122
2  111
2  118
2  122
2  120
2  175
2  241
2  268
2  138
2  151
2  217
2  189
2  199
2  179
2  124
2  224
2  130
2  195
2  166
2  162
2  157
2  252
2  152
2  150
2  154
2  113
2  131
2  120
2  143
2  150
2  116
2  110
2  136
2  131
2  111
2  168
2  120
2  141
2  150
2  109
2  116
2  105
2  109
1  516
1  191
4  45
4  38
4  45
4  41
4  35
4  685
4  410
4  221
4  175
4  174
4  180
4  175
4  206
4  219
4  206
4  266
4  299
4  178
4  210
4  183
4  183
4  183
4  171
4  205
4  170
4  174
4  164
4  181
4  171
4  150
4  149
4  161
4  164
4  150
4  158
4  149
4  159
4  169
4  157
4  155
4  150
4  158
4  154
4  156
4  147
4  161
4  151
4  168
4  138
